-2.985680439082777582e+00,-2.757496754717405074e-01,3.253505568818522153e-01,3.638904827476420190e-01,2.380495203390937675e-01,2.493194738245619602e-01,3.203273157502506407e-01,-3.700531669070232788e-01,-3.043809110548033603e-01,2.989880596793340062e-01,-4.611570528123214441e-01,2.292723784009773058e-01,-3.444324247563423369e-01,1.806648859827905129e-01,-3.535872178776957031e-01,-3.115604170036301301e-01,2.656766508192586751e-01
-4.071158449158430059e+00,6.678684290697527448e-01,-2.013992086270939008e-01,6.794467071298549987e-01,5.774183280164691956e-01,-1.844250573066302246e-01,6.595170025449801354e-01,-4.935574771424060536e-01,-2.247645365793749794e-01,-1.732809235057520825e-01,5.826113308770033417e-01,-3.896618476416846000e-01,-8.935673345601810591e-02,-4.522425688089167783e-01,6.932377087562446860e-01,-9.368553821596915798e-02,-4.352474732112079359e-01
-4.166842334060186559e+00,6.817749488067855745e-01,8.213882242964191116e-01,-1.635227658207520918e-01,5.959375712141455894e-01,-1.397079459365998533e-01,-5.233453020457679017e-01,6.010130978345704644e-01,-5.444177160948043825e-02,-2.528327483620433913e-01,-2.880403425639995740e-01,7.571755094455676627e-01,-1.301005177649295352e-01,-4.481277193697068562e-01,-9.481470783759882170e-02,8.277412430869539595e-01,-3.201757064289073029e-01
-2.950089408480884856e+00,2.573489239825272334e-01,2.739317925412608212e-01,3.504654274724694485e-01,-2.540045445857701534e-01,-2.885622236652037320e-01,-3.323920581974417754e-01,2.072957082326466471e-01,1.642691106196828288e-01,-3.400507908733197415e-01,2.718087787000660893e-01,-4.929237591669665686e-01,1.906215374119759054e-01,2.796744232972925848e-01,-3.314805773949593970e-01,-2.985036136909151039e-01,1.634052769096583368e-01
-4.068306566964557724e+00,6.547895384416414499e-01,-2.051971023918804093e-01,-1.756340677604140976e-01,-2.558922323368919005e-01,-1.450436701564641329e-01,6.806983791919342108e-01,6.295913444539159576e-01,8.538102834164136290e-01,8.411591956979532769e-01,-4.476015682029089726e-01,-3.636807853445798711e-01,-4.871050270306070094e-03,6.866133640536347116e-01,-1.024861381574827118e-01,-1.175615860275664726e-01,-4.508982645644331044e-01
-2.994855455688365531e+00,1.043742310297777892e-01,2.048878107229321621e-01,-3.828515332739715338e-01,-5.579704971116262735e-01,2.506915106773096591e-01,-3.885534959839644920e-01,4.383237608550689252e-02,1.622011430009604460e-01,-4.543235689391549315e-01,1.306832207713245764e-01,1.153532890351544465e-01,-3.751366596512146767e-01,-6.636657070420141080e-01,1.525860860780551831e-01,-4.647380449472381381e-01,2.239811169087795040e-01
-2.971246970927976960e+00,-5.640376445876104095e-01,-3.248039184244825295e-01,3.261204834685380027e-01,2.882624051320576974e-01,2.946107784234234250e-01,1.586800148292742962e-01,-3.523839491633857235e-01,3.464936686802526089e-01,-2.997870290677651095e-01,2.732532629562957061e-01,1.506621868046368606e-01,-4.185663667144609024e-01,2.593025584566281960e-01,-3.605924834830748771e-01,3.081511832603661682e-01,-4.514744283575594097e-01
-3.800289371023461538e+00,-3.063870669870561447e-01,-1.942348156432049944e-01,-2.542403473139072667e-01,5.707414471473656326e-01,6.107530404626323461e-01,4.000081727201694748e-01,5.194806795631327079e-01,-1.448265752305648857e-01,-2.430095803409968169e-01,-4.969332852412374768e-01,-4.699942054451042295e-01,7.141376891257850135e-01,-2.906695841857252494e-01,-9.630332218043988202e-02,-1.345127118851769110e-01,5.559939523365194924e-01
-3.839390684321476233e+00,6.121600977150641887e-01,-2.025058714976252505e-01,-1.806989542447357822e-01,-3.332446529836148863e-01,8.186618118536993505e-01,-3.852278408622987205e-01,-1.835659066298473419e-01,7.304147363712500118e-02,-7.060498169675154256e-02,6.004113616916821883e-01,5.631606340183739068e-01,7.487814654514416413e-01,5.736047701605047067e-01,-5.069751758776621341e-03,-7.973138991396863662e-02,-3.201346791147063331e-01
-2.902299470853195729e+00,-5.009502368245325465e-01,2.424893495756900996e-01,-2.638044884786105992e-01,1.768961741842394741e-01,-3.316576211321639045e-01,1.820579073166831430e-01,1.343479670504314771e-01,-3.487676559659753095e-01,2.802644662997438862e-01,-3.374553002682030289e-01,1.817879147357622516e-01,2.502853639000471864e-01,2.099286774581194948e-01,2.620713097282575399e-01,-3.731403069709400833e-01,-4.739204721584927560e-01
-2.883749097682113849e+00,2.071195524867027460e-01,-2.316601422243477759e-01,2.734088069788006559e-01,-5.320118671473210714e-01,-2.131148573386230927e-01,2.523065929134627461e-01,2.102790384044700422e-01,-2.604456305773056868e-01,3.364926504525515005e-01,2.209447460141017450e-01,-2.264770288405265064e-01,3.227711277215940533e-01,-3.526573208805401927e-01,-2.738291740700866672e-01,2.822990152393962671e-01,2.091215327851564110e-01
-4.165996872790335814e+00,-4.276262245355614833e-01,-1.580568430421357695e-01,-1.272006362034819038e-01,7.054707524167120880e-01,-1.526902099771994259e-01,-4.132292062303085656e-01,-3.949565080383229954e-01,6.359143595920742076e-01,9.327307451360397073e-01,6.841181280645054485e-01,7.091696899446497948e-01,-1.491536792328674310e-01,-3.933039727095372640e-01,-9.048570611640706363e-02,-8.407688753040776231e-02,6.092780669049249198e-01
-2.942986803015737785e+00,1.709642352595499293e-01,-3.288440856515879029e-01,-3.118947354447496045e-01,2.261050159199072818e-01,2.685827452753612454e-01,-4.758044405110775088e-01,2.418208001483300451e-01,-3.798132291729052201e-01,3.170701971343107273e-01,2.810206143658969258e-01,-5.146237900898840145e-01,-2.185195071091868835e-01,-2.923766525296064289e-01,2.580243688285678849e-01,3.039247851114026400e-01,2.244454565688294712e-01
-3.966412566558607633e+00,-2.041436012550121026e-01,1.034360044144164492e+00,1.435193081805776205e-01,-2.989956601223171528e-01,9.632490487445494187e-03,7.651931326820146095e-01,-1.723509671262873078e-01,1.591247956109842765e-01,4.728155100824648488e-02,8.204096622121029858e-01,-1.615264813744236860e-01,9.002589615022013603e-02,7.414739064673601110e-01,4.109226158539512619e-02,8.479922181883662313e-01,7.636470004284096058e-01
-3.985030711683414495e+00,-2.614723571821600534e-01,1.356207956162377992e-01,8.914727567112010753e-01,-3.212066485006528360e-01,-8.841623726584332821e-02,-3.736321786124366939e-01,6.862512010750226876e-01,-4.572318932001635805e-02,-5.008354107258514154e-02,-3.509390123246097781e-01,7.329634132875673114e-01,1.333954153321573188e-02,7.041292025970531387e-01,8.492802325633662663e-01,-6.152223299242440963e-02,7.199232797398058548e-01
-2.918551366562364802e+00,2.900019668762351954e-01,-2.459978976406194673e-01,-3.635271540572594384e-01,2.633612870031132869e-01,-2.628757439649472838e-01,3.045496941835763027e-01,-3.376615502725350826e-01,3.494453403535225933e-01,-2.559930934922135526e-01,-4.221785108434234490e-01,2.965269322399140539e-01,3.308651606881485296e-01,2.334250293774132734e-01,3.550223068314024011e-01,3.852520442295127578e-01,-2.112727891169040029e-01
